   3   1   5 E -2.9483096552649E+01 DE 6.5E-11(  5)
  0.196812998226E+01 -0.113630037506E+01  0.000000000000E+00
  0.000000000000E+00  0.227260075012E+01  0.000000000000E+00
  0.000000000000E+00  0.000000000000E+00  0.355649196849E+01
   24
  0.100000000000E+01  0.000000000000E+00  0.000000000000E+00
  0.267205998299E-16  0.100000000000E+01  0.000000000000E+00
  0.000000000000E+00  0.000000000000E+00  0.100000000000E+01
  0.000000000000E+00  0.000000000000E+00  0.000000000000E+00
 -0.100000000000E+01  0.000000000000E+00  0.000000000000E+00
 -0.267205998299E-16 -0.100000000000E+01  0.000000000000E+00
  0.000000000000E+00  0.000000000000E+00  0.100000000000E+01
  0.000000000000E+00  0.000000000000E+00  0.177824598424E+01
 -0.500000000000E+00 -0.866025403784E+00  0.000000000000E+00
  0.866025403784E+00 -0.500000000000E+00  0.000000000000E+00
  0.000000000000E+00  0.000000000000E+00  0.100000000000E+01
  0.000000000000E+00  0.000000000000E+00  0.000000000000E+00
 -0.500000000000E+00  0.866025403784E+00  0.000000000000E+00
 -0.866025403784E+00 -0.500000000000E+00  0.000000000000E+00
  0.000000000000E+00  0.000000000000E+00  0.100000000000E+01
  0.000000000000E+00  0.000000000000E+00  0.000000000000E+00
  0.500000000000E+00 -0.866025403784E+00  0.000000000000E+00
  0.866025403784E+00  0.500000000000E+00  0.000000000000E+00
  0.000000000000E+00  0.000000000000E+00  0.100000000000E+01
  0.000000000000E+00  0.000000000000E+00  0.177824598424E+01
  0.500000000000E+00  0.866025403784E+00  0.000000000000E+00
 -0.866025403784E+00  0.500000000000E+00  0.000000000000E+00
  0.000000000000E+00  0.000000000000E+00  0.100000000000E+01
  0.000000000000E+00  0.000000000000E+00  0.177824598424E+01
  0.500000000000E+00 -0.866025403784E+00  0.000000000000E+00
 -0.866025403784E+00 -0.500000000000E+00  0.000000000000E+00
  0.000000000000E+00  0.000000000000E+00 -0.100000000000E+01
  0.000000000000E+00  0.000000000000E+00  0.000000000000E+00
 -0.100000000000E+01  0.000000000000E+00  0.000000000000E+00
 -0.267205998299E-16  0.100000000000E+01  0.000000000000E+00
  0.000000000000E+00  0.000000000000E+00 -0.100000000000E+01
  0.000000000000E+00  0.000000000000E+00  0.000000000000E+00
  0.500000000000E+00  0.866025403784E+00  0.000000000000E+00
  0.866025403784E+00 -0.500000000000E+00  0.000000000000E+00
  0.000000000000E+00  0.000000000000E+00 -0.100000000000E+01
  0.000000000000E+00  0.000000000000E+00  0.000000000000E+00
 -0.500000000000E+00 -0.866025403784E+00  0.000000000000E+00
 -0.866025403784E+00  0.500000000000E+00  0.000000000000E+00
  0.000000000000E+00  0.000000000000E+00 -0.100000000000E+01
  0.000000000000E+00  0.000000000000E+00  0.177824598424E+01
  0.100000000000E+01  0.000000000000E+00  0.000000000000E+00
  0.267205998299E-16 -0.100000000000E+01  0.000000000000E+00
  0.000000000000E+00  0.000000000000E+00 -0.100000000000E+01
  0.000000000000E+00  0.000000000000E+00  0.177824598424E+01
 -0.500000000000E+00  0.866025403784E+00  0.000000000000E+00
  0.866025403784E+00  0.500000000000E+00  0.000000000000E+00
  0.000000000000E+00  0.000000000000E+00 -0.100000000000E+01
  0.000000000000E+00  0.000000000000E+00  0.177824598424E+01
 -0.100000000000E+01  0.000000000000E+00  0.000000000000E+00
 -0.267205998299E-16 -0.100000000000E+01  0.000000000000E+00
  0.000000000000E+00  0.000000000000E+00 -0.100000000000E+01
  0.000000000000E+00  0.000000000000E+00  0.000000000000E+00
  0.100000000000E+01  0.000000000000E+00  0.000000000000E+00
  0.267205998299E-16  0.100000000000E+01  0.000000000000E+00
  0.000000000000E+00  0.000000000000E+00 -0.100000000000E+01
  0.000000000000E+00  0.000000000000E+00  0.177824598424E+01
  0.500000000000E+00  0.866025403784E+00  0.000000000000E+00
 -0.866025403784E+00  0.500000000000E+00  0.000000000000E+00
  0.000000000000E+00  0.000000000000E+00 -0.100000000000E+01
  0.000000000000E+00  0.000000000000E+00  0.000000000000E+00
  0.500000000000E+00 -0.866025403784E+00  0.000000000000E+00
  0.866025403784E+00  0.500000000000E+00  0.000000000000E+00
  0.000000000000E+00  0.000000000000E+00 -0.100000000000E+01
  0.000000000000E+00  0.000000000000E+00  0.000000000000E+00
 -0.500000000000E+00  0.866025403784E+00  0.000000000000E+00
 -0.866025403784E+00 -0.500000000000E+00  0.000000000000E+00
  0.000000000000E+00  0.000000000000E+00 -0.100000000000E+01
  0.000000000000E+00  0.000000000000E+00  0.177824598424E+01
 -0.500000000000E+00 -0.866025403784E+00  0.000000000000E+00
  0.866025403784E+00 -0.500000000000E+00  0.000000000000E+00
  0.000000000000E+00  0.000000000000E+00 -0.100000000000E+01
  0.000000000000E+00  0.000000000000E+00  0.177824598424E+01
 -0.500000000000E+00  0.866025403784E+00  0.000000000000E+00
  0.866025403784E+00  0.500000000000E+00  0.000000000000E+00
  0.000000000000E+00  0.000000000000E+00  0.100000000000E+01
  0.000000000000E+00  0.000000000000E+00  0.000000000000E+00
  0.100000000000E+01  0.000000000000E+00  0.000000000000E+00
  0.267205998299E-16 -0.100000000000E+01  0.000000000000E+00
  0.000000000000E+00  0.000000000000E+00  0.100000000000E+01
  0.000000000000E+00  0.000000000000E+00  0.000000000000E+00
 -0.500000000000E+00 -0.866025403784E+00  0.000000000000E+00
 -0.866025403784E+00  0.500000000000E+00  0.000000000000E+00
  0.000000000000E+00  0.000000000000E+00  0.100000000000E+01
  0.000000000000E+00  0.000000000000E+00  0.000000000000E+00
  0.500000000000E+00  0.866025403784E+00  0.000000000000E+00
  0.866025403784E+00 -0.500000000000E+00  0.000000000000E+00
  0.000000000000E+00  0.000000000000E+00  0.100000000000E+01
  0.000000000000E+00  0.000000000000E+00  0.177824598424E+01
 -0.100000000000E+01  0.000000000000E+00  0.000000000000E+00
 -0.267205998299E-16  0.100000000000E+01  0.000000000000E+00
  0.000000000000E+00  0.000000000000E+00  0.100000000000E+01
  0.000000000000E+00  0.000000000000E+00  0.177824598424E+01
  0.500000000000E+00 -0.866025403784E+00  0.000000000000E+00
 -0.866025403784E+00 -0.500000000000E+00  0.000000000000E+00
  0.000000000000E+00  0.000000000000E+00  0.100000000000E+01
  0.000000000000E+00  0.000000000000E+00  0.177824598424E+01
    2
    4     -1.312086654840      0.000000000000      0.889122992122
    4     -0.656043327420     -1.136300375058     -0.889122992122
  194   24
