   3   1   5 E -2.9483747100384E+01 DE-1.0E-08(  3)
  0.193835365227E+01 -0.111910900292E+01  0.000000000000E+00
  0.000000000000E+00  0.223821800584E+01  0.000000000000E+00
  0.000000000000E+00  0.000000000000E+00  0.349880775616E+01
   24
  0.100000000000E+01  0.000000000000E+00  0.000000000000E+00
  0.267205998299E-16  0.100000000000E+01  0.000000000000E+00
  0.000000000000E+00  0.000000000000E+00  0.100000000000E+01
  0.000000000000E+00  0.000000000000E+00  0.000000000000E+00
 -0.100000000000E+01  0.000000000000E+00  0.000000000000E+00
 -0.267205998299E-16 -0.100000000000E+01  0.000000000000E+00
  0.000000000000E+00  0.000000000000E+00  0.100000000000E+01
  0.000000000000E+00  0.000000000000E+00  0.174940387808E+01
 -0.500000000000E+00 -0.866025403784E+00  0.000000000000E+00
  0.866025403784E+00 -0.500000000000E+00  0.000000000000E+00
  0.000000000000E+00  0.000000000000E+00  0.100000000000E+01
  0.000000000000E+00  0.000000000000E+00  0.000000000000E+00
 -0.500000000000E+00  0.866025403784E+00  0.000000000000E+00
 -0.866025403784E+00 -0.500000000000E+00  0.000000000000E+00
  0.000000000000E+00  0.000000000000E+00  0.100000000000E+01
  0.000000000000E+00  0.000000000000E+00  0.000000000000E+00
  0.500000000000E+00 -0.866025403784E+00  0.000000000000E+00
  0.866025403784E+00  0.500000000000E+00  0.000000000000E+00
  0.000000000000E+00  0.000000000000E+00  0.100000000000E+01
  0.000000000000E+00  0.000000000000E+00  0.174940387808E+01
  0.500000000000E+00  0.866025403784E+00  0.000000000000E+00
 -0.866025403784E+00  0.500000000000E+00  0.000000000000E+00
  0.000000000000E+00  0.000000000000E+00  0.100000000000E+01
  0.000000000000E+00  0.000000000000E+00  0.174940387808E+01
  0.500000000000E+00 -0.866025403784E+00  0.000000000000E+00
 -0.866025403784E+00 -0.500000000000E+00  0.000000000000E+00
  0.000000000000E+00  0.000000000000E+00 -0.100000000000E+01
  0.000000000000E+00  0.000000000000E+00  0.000000000000E+00
 -0.100000000000E+01  0.000000000000E+00  0.000000000000E+00
 -0.267205998299E-16  0.100000000000E+01  0.000000000000E+00
  0.000000000000E+00  0.000000000000E+00 -0.100000000000E+01
  0.000000000000E+00  0.000000000000E+00  0.000000000000E+00
  0.500000000000E+00  0.866025403784E+00  0.000000000000E+00
  0.866025403784E+00 -0.500000000000E+00  0.000000000000E+00
  0.000000000000E+00  0.000000000000E+00 -0.100000000000E+01
  0.000000000000E+00  0.000000000000E+00  0.000000000000E+00
 -0.500000000000E+00 -0.866025403784E+00  0.000000000000E+00
 -0.866025403784E+00  0.500000000000E+00  0.000000000000E+00
  0.000000000000E+00  0.000000000000E+00 -0.100000000000E+01
  0.000000000000E+00  0.000000000000E+00  0.174940387808E+01
  0.100000000000E+01  0.000000000000E+00  0.000000000000E+00
  0.267205998299E-16 -0.100000000000E+01  0.000000000000E+00
  0.000000000000E+00  0.000000000000E+00 -0.100000000000E+01
  0.000000000000E+00  0.000000000000E+00  0.174940387808E+01
 -0.500000000000E+00  0.866025403784E+00  0.000000000000E+00
  0.866025403784E+00  0.500000000000E+00  0.000000000000E+00
  0.000000000000E+00  0.000000000000E+00 -0.100000000000E+01
  0.000000000000E+00  0.000000000000E+00  0.174940387808E+01
 -0.100000000000E+01  0.000000000000E+00  0.000000000000E+00
 -0.267205998299E-16 -0.100000000000E+01  0.000000000000E+00
  0.000000000000E+00  0.000000000000E+00 -0.100000000000E+01
  0.000000000000E+00  0.000000000000E+00  0.000000000000E+00
  0.100000000000E+01  0.000000000000E+00  0.000000000000E+00
  0.267205998299E-16  0.100000000000E+01  0.000000000000E+00
  0.000000000000E+00  0.000000000000E+00 -0.100000000000E+01
  0.000000000000E+00  0.000000000000E+00  0.174940387808E+01
  0.500000000000E+00  0.866025403784E+00  0.000000000000E+00
 -0.866025403784E+00  0.500000000000E+00  0.000000000000E+00
  0.000000000000E+00  0.000000000000E+00 -0.100000000000E+01
  0.000000000000E+00  0.000000000000E+00  0.000000000000E+00
  0.500000000000E+00 -0.866025403784E+00  0.000000000000E+00
  0.866025403784E+00  0.500000000000E+00  0.000000000000E+00
  0.000000000000E+00  0.000000000000E+00 -0.100000000000E+01
  0.000000000000E+00  0.000000000000E+00  0.000000000000E+00
 -0.500000000000E+00  0.866025403784E+00  0.000000000000E+00
 -0.866025403784E+00 -0.500000000000E+00  0.000000000000E+00
  0.000000000000E+00  0.000000000000E+00 -0.100000000000E+01
  0.000000000000E+00  0.000000000000E+00  0.174940387808E+01
 -0.500000000000E+00 -0.866025403784E+00  0.000000000000E+00
  0.866025403784E+00 -0.500000000000E+00  0.000000000000E+00
  0.000000000000E+00  0.000000000000E+00 -0.100000000000E+01
  0.000000000000E+00  0.000000000000E+00  0.174940387808E+01
 -0.500000000000E+00  0.866025403784E+00  0.000000000000E+00
  0.866025403784E+00  0.500000000000E+00  0.000000000000E+00
  0.000000000000E+00  0.000000000000E+00  0.100000000000E+01
  0.000000000000E+00  0.000000000000E+00  0.000000000000E+00
  0.100000000000E+01  0.000000000000E+00  0.000000000000E+00
  0.267205998299E-16 -0.100000000000E+01  0.000000000000E+00
  0.000000000000E+00  0.000000000000E+00  0.100000000000E+01
  0.000000000000E+00  0.000000000000E+00  0.000000000000E+00
 -0.500000000000E+00 -0.866025403784E+00  0.000000000000E+00
 -0.866025403784E+00  0.500000000000E+00  0.000000000000E+00
  0.000000000000E+00  0.000000000000E+00  0.100000000000E+01
  0.000000000000E+00  0.000000000000E+00  0.000000000000E+00
  0.500000000000E+00  0.866025403784E+00  0.000000000000E+00
  0.866025403784E+00 -0.500000000000E+00  0.000000000000E+00
  0.000000000000E+00  0.000000000000E+00  0.100000000000E+01
  0.000000000000E+00  0.000000000000E+00  0.174940387808E+01
 -0.100000000000E+01  0.000000000000E+00  0.000000000000E+00
 -0.267205998299E-16  0.100000000000E+01  0.000000000000E+00
  0.000000000000E+00  0.000000000000E+00  0.100000000000E+01
  0.000000000000E+00  0.000000000000E+00  0.174940387808E+01
  0.500000000000E+00 -0.866025403784E+00  0.000000000000E+00
 -0.866025403784E+00 -0.500000000000E+00  0.000000000000E+00
  0.000000000000E+00  0.000000000000E+00  0.100000000000E+01
  0.000000000000E+00  0.000000000000E+00  0.174940387808E+01
    2
    4     -1.292235768178      0.000000000000      0.874701939041
    4     -0.646117884089     -1.119109002921     -0.874701939041
  194   24
