   3   1   5 E -2.9257217581773E+01 DE-2.0E-07( 11)
  0.195830809361E+01 -0.113062970500E+01  0.000000000000E+00
  0.000000000000E+00  0.226125941000E+01  0.000000000000E+00
  0.000000000000E+00  0.000000000000E+00  0.352997778000E+01
   24
  0.100000000000E+01  0.000000000000E+00  0.000000000000E+00
 -0.506232172242E-16  0.100000000000E+01  0.000000000000E+00
  0.000000000000E+00  0.000000000000E+00  0.100000000000E+01
  0.000000000000E+00  0.000000000000E+00  0.000000000000E+00
 -0.100000000000E+01  0.000000000000E+00  0.000000000000E+00
  0.506232172242E-16 -0.100000000000E+01  0.000000000000E+00
  0.000000000000E+00  0.000000000000E+00  0.100000000000E+01
  0.000000000000E+00  0.000000000000E+00  0.176498889000E+01
 -0.500000000000E+00 -0.866025403784E+00  0.000000000000E+00
  0.866025403784E+00 -0.500000000000E+00  0.000000000000E+00
  0.000000000000E+00  0.000000000000E+00  0.100000000000E+01
  0.000000000000E+00  0.000000000000E+00  0.000000000000E+00
 -0.500000000000E+00  0.866025403784E+00  0.000000000000E+00
 -0.866025403784E+00 -0.500000000000E+00  0.000000000000E+00
  0.000000000000E+00  0.000000000000E+00  0.100000000000E+01
  0.000000000000E+00  0.000000000000E+00  0.000000000000E+00
  0.500000000000E+00 -0.866025403784E+00  0.000000000000E+00
  0.866025403784E+00  0.500000000000E+00  0.000000000000E+00
  0.000000000000E+00  0.000000000000E+00  0.100000000000E+01
  0.000000000000E+00  0.000000000000E+00  0.176498889000E+01
  0.500000000000E+00  0.866025403784E+00  0.000000000000E+00
 -0.866025403784E+00  0.500000000000E+00  0.000000000000E+00
  0.000000000000E+00  0.000000000000E+00  0.100000000000E+01
  0.000000000000E+00  0.000000000000E+00  0.176498889000E+01
  0.500000000000E+00 -0.866025403784E+00  0.000000000000E+00
 -0.866025403784E+00 -0.500000000000E+00  0.000000000000E+00
  0.000000000000E+00  0.000000000000E+00 -0.100000000000E+01
  0.000000000000E+00  0.000000000000E+00  0.000000000000E+00
 -0.100000000000E+01  0.000000000000E+00  0.000000000000E+00
  0.506232172242E-16  0.100000000000E+01  0.000000000000E+00
  0.000000000000E+00  0.000000000000E+00 -0.100000000000E+01
  0.000000000000E+00  0.000000000000E+00  0.000000000000E+00
  0.500000000000E+00  0.866025403784E+00  0.000000000000E+00
  0.866025403784E+00 -0.500000000000E+00  0.000000000000E+00
  0.000000000000E+00  0.000000000000E+00 -0.100000000000E+01
  0.000000000000E+00  0.000000000000E+00  0.000000000000E+00
 -0.500000000000E+00 -0.866025403784E+00  0.000000000000E+00
 -0.866025403784E+00  0.500000000000E+00  0.000000000000E+00
  0.000000000000E+00  0.000000000000E+00 -0.100000000000E+01
  0.000000000000E+00  0.000000000000E+00  0.176498889000E+01
  0.100000000000E+01  0.000000000000E+00  0.000000000000E+00
 -0.506232172242E-16 -0.100000000000E+01  0.000000000000E+00
  0.000000000000E+00  0.000000000000E+00 -0.100000000000E+01
  0.000000000000E+00  0.000000000000E+00  0.176498889000E+01
 -0.500000000000E+00  0.866025403784E+00  0.000000000000E+00
  0.866025403784E+00  0.500000000000E+00  0.000000000000E+00
  0.000000000000E+00  0.000000000000E+00 -0.100000000000E+01
  0.000000000000E+00  0.000000000000E+00  0.176498889000E+01
 -0.100000000000E+01  0.000000000000E+00  0.000000000000E+00
  0.506232172242E-16 -0.100000000000E+01  0.000000000000E+00
  0.000000000000E+00  0.000000000000E+00 -0.100000000000E+01
  0.000000000000E+00  0.000000000000E+00  0.000000000000E+00
  0.100000000000E+01  0.000000000000E+00  0.000000000000E+00
 -0.506232172242E-16  0.100000000000E+01  0.000000000000E+00
  0.000000000000E+00  0.000000000000E+00 -0.100000000000E+01
  0.000000000000E+00  0.000000000000E+00  0.176498889000E+01
  0.500000000000E+00  0.866025403784E+00  0.000000000000E+00
 -0.866025403784E+00  0.500000000000E+00  0.000000000000E+00
  0.000000000000E+00  0.000000000000E+00 -0.100000000000E+01
  0.000000000000E+00  0.000000000000E+00  0.000000000000E+00
  0.500000000000E+00 -0.866025403784E+00  0.000000000000E+00
  0.866025403784E+00  0.500000000000E+00  0.000000000000E+00
  0.000000000000E+00  0.000000000000E+00 -0.100000000000E+01
  0.000000000000E+00  0.000000000000E+00  0.000000000000E+00
 -0.500000000000E+00  0.866025403784E+00  0.000000000000E+00
 -0.866025403784E+00 -0.500000000000E+00  0.000000000000E+00
  0.000000000000E+00  0.000000000000E+00 -0.100000000000E+01
  0.000000000000E+00  0.000000000000E+00  0.176498889000E+01
 -0.500000000000E+00 -0.866025403784E+00  0.000000000000E+00
  0.866025403784E+00 -0.500000000000E+00  0.000000000000E+00
  0.000000000000E+00  0.000000000000E+00 -0.100000000000E+01
  0.000000000000E+00  0.000000000000E+00  0.176498889000E+01
 -0.500000000000E+00  0.866025403784E+00  0.000000000000E+00
  0.866025403784E+00  0.500000000000E+00  0.000000000000E+00
  0.000000000000E+00  0.000000000000E+00  0.100000000000E+01
  0.000000000000E+00  0.000000000000E+00  0.000000000000E+00
  0.100000000000E+01  0.000000000000E+00  0.000000000000E+00
 -0.506232172242E-16 -0.100000000000E+01  0.000000000000E+00
  0.000000000000E+00  0.000000000000E+00  0.100000000000E+01
  0.000000000000E+00  0.000000000000E+00  0.000000000000E+00
 -0.500000000000E+00 -0.866025403784E+00  0.000000000000E+00
 -0.866025403784E+00  0.500000000000E+00  0.000000000000E+00
  0.000000000000E+00  0.000000000000E+00  0.100000000000E+01
  0.000000000000E+00  0.000000000000E+00  0.000000000000E+00
  0.500000000000E+00  0.866025403784E+00  0.000000000000E+00
  0.866025403784E+00 -0.500000000000E+00  0.000000000000E+00
  0.000000000000E+00  0.000000000000E+00  0.100000000000E+01
  0.000000000000E+00  0.000000000000E+00  0.176498889000E+01
 -0.100000000000E+01  0.000000000000E+00  0.000000000000E+00
  0.506232172242E-16  0.100000000000E+01  0.000000000000E+00
  0.000000000000E+00  0.000000000000E+00  0.100000000000E+01
  0.000000000000E+00  0.000000000000E+00  0.176498889000E+01
  0.500000000000E+00 -0.866025403784E+00  0.000000000000E+00
 -0.866025403784E+00 -0.500000000000E+00  0.000000000000E+00
  0.000000000000E+00  0.000000000000E+00  0.100000000000E+01
  0.000000000000E+00  0.000000000000E+00  0.176498889000E+01
    2
    4     -1.305538729071     -0.000000000000      0.882494445000
    4     -0.652769364536     -1.130629705000     -0.882494445000
  194   24
